$ANSIBLE_VAULT;1.1;AES256
31373164356331336565326161353464343565383264653335666638383465383762373936343161
6536383438643532353831333331613262616265636633650a376231613635626261633563396337
37353061393639323065643932613535393663646138656633393364343463333636313838383238
3066326333396262390a303136343163323739623631383036653462666635613930326534646336
61623930613961613161303731326433313130636337393039386336383663363262386132643435
63376166623935626231666164643062636531373062653636393039386236636135316164383533
65613437343539653264663836313131333439336638383831666264326433306138386630303662
31666465643565343731323239316462303863386565353364376132373765373936316435326233
38646563656262393661353931623565316234333439653934656337633630313465616239373964
36633165346138373036376263353666663530333333636639313336396561373936623761656261
66653737616237386261613761656339343365336562333836363236663235373461643738363261
36316632653633613138313335366163643730373465353764323239346163383266353262363661
34313135376432656430613331333136346438633565613466303331653533303338343663646633
35363834636637633738643361336133386235663336386433656134313561383932623562653865
33313564323064366565363464333339613731333332373432306533616166656262363736656565
36363534653739303531633337373839383536653031613036366630633065346433316230643662
32376139616633383236653362626233363966336665373363363732373639346338346530653962
38393134626430386637636165343164656339303330633962613737366536306666623864353239
38316236623733373764656433663330613463643865616265343963396537373035313166346238
64316166653135313061363434623537353566366535303761663566313033666430386639353733
63363662336439666666313433333366346535623030313036396234376636343466363166643361
66366338313739303266313835343164613437326166323237386563313033393735303637663366
32326130333637653535313738336263326461323338313636316239356266623237653562666435
37363338343633633135323430326231643462386166303465393134353564346636613536333362
66663132393664663933643366353266303331336463633565353533393632623632346466656334
35313939646139343036363662353663633765303461356538346163656266653464373337633038
65623439333830336637613730656165396538366365666131303263323730643862623365336162
30383866333238333932
