$ANSIBLE_VAULT;1.1;AES256
62623862353636396631323766373230623632663765303436356166313639373837636533646566
6430663832316461626330653338653466343063626234360a353537626134393864623761356230
38646463623764613230376437613434376431616162346537353037303931633139653132376436
3463663430383936660a633037316266636663386664383835613038333563393739633838666161
63623534346562363237306561306633323165383535356364356438393032636332643739323965
37383335663932643339373130666335666262376265623430663662383662393162366135393330
33306239396235613634656265346335336230373831346236633562663361343266666435333837
36626565646664316539323836343136376264613062326261336432636538623733623734636164
34306439326538616537633532313962346338623131656562313664303766363032353436623463
36313439316533343965633039623831353561663635613238666436376165633036363332623164
38633538343738376431336361326336346366343963306161633237343831623734386564356430
62393538343637373963306164623034613935393365663037636338306333376335623539613139
62653333386235376563306535323737646339303333626665633639633831626163303436303537
3433353239303737313134633763626164333139383362626338
