$ANSIBLE_VAULT;1.1;AES256
66343566313836326464396631666166393238633563393733656535373063636165623864633334
3334333530633465313563633234353662663262323532310a323735653033323466656561396462
37656530646562646661306662633632316232656565653264636266333034663839363261336563
6266303236336138320a306130656638623462333563643562353366306231636435366162386362
32323235323262306663633232633937666336346537386534333764616464626664646633626464
34393234626334303938333966373438313538323539346537366537313865666536313565633362
31396535383561303335366133363937323631313564333264643964623637323332623730303031
33646261643663666433356330653866653733646233666535646134383362396433663963316562
62303665396531653739366561643130373637313561613238393666326362303936353138653365
35383436393963653635393832643161646333643962343334646535363836633863373737393664
34373262636432623130366139616161636432663139393731336433653436613361356337653134
31643030393737333761373938316133303232363063316165633832366335326237303934373436
65326261303638306437383864626166316430313739383637316461363461613864343631386436
61326533613963343535353165643431323436623933303732363437386531613634353739633966
61663637333235343133326561616631616438383935613564643866336139393232666537373062
30333431306331383332616330343039356338393363646437646532306638326364336263356266
34316466323934633839616131383963636264376530633962343765353132386534656534643465
34333362643030363965626130333036633634386135323034353930353666643832346262346137
38343832356364306337653432343936353462643362636166393231616337643133376539663733
62653964346363366362333939653033343065616230363336643064633063336631646333353365
65626536376533343631663038626462653365363837383039353065643032666539666565613737
34306462616338653939633234346362343637666533653563643537373363633161643336646364
346462633662333731643730393866643934
